0.000000 1.154000 0.000000 -7.500000
0.010000 1.153250 -0.075000 -7.440000
0.020000 1.151756 -0.149400 -7.369230
0.030000 1.149525 -0.223092 -7.287866
0.040000 1.146565 -0.295971 -7.196099
0.050000 1.142886 -0.367932 -7.094135
0.060000 1.138497 -0.438873 -6.982192
0.070000 1.133410 -0.508695 -6.860504
0.080000 1.127637 -0.577300 -6.729315
0.090000 1.121191 -0.644593 -6.588886
0.100000 1.114087 -0.710482 -6.439486
0.110000 1.106338 -0.774877 -6.281397
0.120000 1.097961 -0.837691 -6.114915
0.130000 1.088973 -0.898840 -5.940342
0.140000 1.079390 -0.958244 -5.757993
0.150000 1.069232 -1.015824 -5.568192
0.160000 1.058517 -1.071506 -5.371273
0.170000 1.047265 -1.125218 -5.167577
0.180000 1.035496 -1.176894 -4.957454
0.190000 1.023231 -1.226469 -4.741260
0.200000 1.010492 -1.273881 -4.519360
0.210000 0.997301 -1.319075 -4.292123
0.220000 0.983681 -1.361996 -4.059925
0.230000 0.969656 -1.402595 -3.823146
0.240000 0.955247 -1.440827 -3.582171
0.250000 0.940481 -1.476648 -3.337390
0.260000 0.925381 -1.510022 -3.089194
0.270000 0.909971 -1.540914 -2.837977
0.280000 0.894278 -1.569294 -2.584136
0.290000 0.878327 -1.595135 -2.328069
0.300000 0.862143 -1.618416 -2.070174
0.310000 0.845752 -1.639118 -1.810850
0.320000 0.829180 -1.657226 -1.550495
0.330000 0.812452 -1.672731 -1.289508
0.340000 0.795596 -1.685626 -1.028282
0.350000 0.778637 -1.695909 -0.767212
0.360000 0.761601 -1.703581 -0.506688
0.370000 0.744515 -1.708648 -0.247097
0.380000 0.727403 -1.711119 0.011177
0.390000 0.710293 -1.711007 0.267756
0.400000 0.693210 -1.708330 0.522265
0.410000 0.676179 -1.703107 0.774336
0.420000 0.659225 -1.695364 1.023607
0.430000 0.642374 -1.685128 1.269723
0.440000 0.625650 -1.672430 1.512334
0.450000 0.609077 -1.657307 1.751100
0.460000 0.592679 -1.639796 1.985688
0.470000 0.576479 -1.619939 2.215772
0.480000 0.560501 -1.597782 2.441036
0.490000 0.544768 -1.573371 2.661175
0.500000 0.529300 -1.546759 2.875891
0.510000 0.514120 -1.518000 3.084898
0.520000 0.499249 -1.487151 3.287919
0.530000 0.484706 -1.454272 3.484688
0.540000 0.470512 -1.419425 3.674952
0.550000 0.456685 -1.382676 3.858466
0.560000 0.443244 -1.344091 4.035000
0.570000 0.430207 -1.303741 4.204333
0.580000 0.417590 -1.261698 4.366260
0.590000 0.405409 -1.218035 4.520584
0.600000 0.393681 -1.172829 4.667125
0.610000 0.382419 -1.126158 4.805713
0.620000 0.371638 -1.078101 4.936191
0.630000 0.361351 -1.028739 5.058416
0.640000 0.351569 -0.978155 5.172260
0.650000 0.342305 -0.926432 5.277605
0.660000 0.333569 -0.873656 5.374349
0.670000 0.325369 -0.819913 5.462403
0.680000 0.317716 -0.765289 5.541690
0.690000 0.310618 -0.709872 5.612150
0.700000 0.304080 -0.653750 5.673734
0.710000 0.298110 -0.597013 5.726406
0.720000 0.292713 -0.539749 5.770147
0.730000 0.287892 -0.482048 5.804948
0.740000 0.283652 -0.423998 5.830816
0.750000 0.279995 -0.365690 5.847769
0.760000 0.276923 -0.307212 5.855840
0.770000 0.274437 -0.248654 5.855076
0.780000 0.272536 -0.190103 5.845533
0.790000 0.271219 -0.131648 5.827284
0.800000 0.270485 -0.073375 5.800413
0.810000 0.270332 -0.015371 5.765016
0.820000 0.270754 0.042279 5.721202
0.830000 0.271749 0.099491 5.669090
0.840000 0.273311 0.156182 5.608814
0.850000 0.275434 0.212270 5.540516
0.860000 0.278111 0.267676 5.464351
0.870000 0.281334 0.322319 5.380485
0.880000 0.285095 0.376124 5.289093
0.890000 0.289385 0.429015 5.190362
0.900000 0.294194 0.480918 5.084487
0.910000 0.299512 0.531763 4.971673
0.920000 0.305327 0.581480 4.852135
0.930000 0.311627 0.630001 4.726096
0.940000 0.318399 0.677262 4.593787
0.950000 0.325631 0.723200 4.455447
0.960000 0.333309 0.767755 4.311324
0.970000 0.341418 0.810868 4.161670
0.980000 0.349943 0.852485 4.006746
0.990000 0.358868 0.892552 3.846820
1.000000 0.368178 0.931020 3.682162
1.010000 0.377857 0.967842 3.513052
1.020000 0.387886 1.002972 3.339771
1.030000 0.398250 1.036370 3.162607
1.040000 0.408930 1.067996 2.981851
1.050000 0.419908 1.097815 2.797797
1.060000 0.431166 1.125793 2.610742
1.070000 0.442685 1.151900 2.420987
1.080000 0.454446 1.176110 2.228834
1.090000 0.466430 1.198398 2.034587
1.100000 0.478618 1.218744 1.838551
1.110000 0.490989 1.237130 1.641031
1.120000 0.503524 1.253540 1.442333
1.130000 0.516204 1.267963 1.242763
1.140000 0.529008 1.280391 1.042627
1.150000 0.541916 1.290817 0.842227
1.160000 0.554909 1.299240 0.641867
1.170000 0.567965 1.305658 0.441846
1.180000 0.581066 1.310077 0.242462
1.190000 0.594191 1.312501 0.044011
1.200000 0.607320 1.312941 -0.153216
1.210000 0.620434 1.311409 -0.348932
1.220000 0.633514 1.307920 -0.542852
1.230000 0.646539 1.302491 -0.734697
1.240000 0.659490 1.295144 -0.924193
1.250000 0.672349 1.285903 -1.111071
1.260000 0.685097 1.274792 -1.295068
1.270000 0.697715 1.261841 -1.475926
1.280000 0.710186 1.247082 -1.653395
1.290000 0.722492 1.230548 -1.827230
1.300000 0.734614 1.212276 -1.997194
1.310000 0.746537 1.192304 -2.163058
1.320000 0.758244 1.170673 -2.324599
1.330000 0.769718 1.147427 -2.481603
1.340000 0.780945 1.122611 -2.633865
1.350000 0.791907 1.096272 -2.781185
1.360000 0.802592 1.068461 -2.923377
1.370000 0.812984 1.039227 -3.060259
1.380000 0.823070 1.008624 -3.191661
1.390000 0.832837 0.976708 -3.317421
1.400000 0.842273 0.943533 -3.437388
1.410000 0.851364 0.909159 -3.551419
1.420000 0.860101 0.873645 -3.659381
1.430000 0.868471 0.837051 -3.761153
1.440000 0.876466 0.799440 -3.856622
1.450000 0.884074 0.760874 -3.945685
1.460000 0.891289 0.721417 -4.028250
1.470000 0.898100 0.681134 -4.104237
1.480000 0.904501 0.640092 -4.173573
1.490000 0.910484 0.598356 -4.236198
1.500000 0.916044 0.555994 -4.292062
1.510000 0.921175 0.513074 -4.341125
1.520000 0.925872 0.469662 -4.383357
1.530000 0.930130 0.425829 -4.418739
1.540000 0.933946 0.381641 -4.447264
1.550000 0.937318 0.337169 -4.468932
1.560000 0.940243 0.292480 -4.483756
1.570000 0.942719 0.247642 -4.491758
1.580000 0.944747 0.202724 -4.492970
1.590000 0.946325 0.157795 -4.487435
1.600000 0.947454 0.112920 -4.475205
1.610000 0.948135 0.068168 -4.456341
1.620000 0.948371 0.023605 -4.430915
1.630000 0.948164 -0.020704 -4.399009
1.640000 0.947517 -0.064694 -4.360711
1.650000 0.946434 -0.108301 -4.316121
1.660000 0.944920 -0.151463 -4.265347
1.670000 0.942979 -0.194116 -4.208505
1.680000 0.940617 -0.236201 -4.145719
1.690000 0.937840 -0.277658 -4.077124
1.700000 0.934656 -0.318430 -4.002858
1.710000 0.931071 -0.358458 -3.923070
1.720000 0.927094 -0.397689 -3.837917
1.730000 0.922734 -0.436068 -3.747561
1.740000 0.917998 -0.473544 -3.652170
1.750000 0.912898 -0.510065 -3.551921
1.760000 0.907442 -0.545585 -3.446996
1.770000 0.901641 -0.580055 -3.337582
1.780000 0.895507 -0.613430 -3.223873
1.790000 0.889050 -0.645669 -3.106068
1.800000 0.882283 -0.676730 -2.984369
1.810000 0.875217 -0.706573 -2.858984
1.820000 0.867866 -0.735163 -2.730126
1.830000 0.860241 -0.762465 -2.598011
1.840000 0.852356 -0.788445 -2.462857
1.850000 0.844226 -0.813073 -2.324888
1.860000 0.835862 -0.836322 -2.184328
1.870000 0.827281 -0.858165 -2.041405
1.880000 0.818495 -0.878579 -1.896349
1.890000 0.809520 -0.897543 -1.749391
1.900000 0.800369 -0.915037 -1.600764
1.910000 0.791059 -0.931044 -1.450703
1.920000 0.781603 -0.945552 -1.299440
1.930000 0.772018 -0.958546 -1.147212
1.940000 0.762318 -0.970018 -0.994252
1.950000 0.752518 -0.979961 -0.840796
1.960000 0.742634 -0.988369 -0.687075
1.970000 0.732682 -0.995239 -0.533323
1.980000 0.722676 -1.000573 -0.379771
1.990000 0.712633 -1.004370 -0.226647
2.000000 0.702566 -1.006637 -0.074178
2.010000 0.692492 -1.007378 0.077411
2.020000 0.682426 -1.006604 0.227898
2.030000 0.672383 -1.004325 0.377066
2.040000 0.662378 -1.000555 0.524698
2.050000 0.652424 -0.995308 0.670584
2.060000 0.642538 -0.988602 0.814515
2.070000 0.632734 -0.980457 0.956289
2.080000 0.623025 -0.970894 1.095707
2.090000 0.613426 -0.959937 1.232576
2.100000 0.603949 -0.947611 1.366706
2.110000 0.594610 -0.933944 1.497914
2.120000 0.585420 -0.918965 1.626022
2.130000 0.576393 -0.902705 1.750859
2.140000 0.567541 -0.885196 1.872257
2.150000 0.558877 -0.866473 1.990059
2.160000 0.550411 -0.846573 2.104109
2.170000 0.542156 -0.825532 2.214262
2.180000 0.534122 -0.803389 2.320378
2.190000 0.526320 -0.780185 2.422323
2.200000 0.518760 -0.755962 2.519973
2.210000 0.511453 -0.730762 2.613207
2.220000 0.504406 -0.704630 2.701916
2.230000 0.497630 -0.677611 2.785995
2.240000 0.491133 -0.649751 2.865349
2.250000 0.484922 -0.621098 2.939889
2.260000 0.479005 -0.591699 3.009534
2.270000 0.473389 -0.561604 3.074213
2.280000 0.468080 -0.530861 3.133860
2.290000 0.463085 -0.499523 3.188418
2.300000 0.458408 -0.467639 3.237839
2.310000 0.454056 -0.435260 3.282082
2.320000 0.450031 -0.402439 3.321115
2.330000 0.446339 -0.369228 3.354911
2.340000 0.442982 -0.335679 3.383456
2.350000 0.439964 -0.301845 3.406741
2.360000 0.437286 -0.267777 3.424763
2.370000 0.434951 -0.233530 3.437532
2.380000 0.432959 -0.199154 3.445061
2.390000 0.431312 -0.164704 3.447374
2.400000 0.430010 -0.130230 3.444500
2.410000 0.429052 -0.095785 3.436479
2.420000 0.428438 -0.061420 3.423355
2.430000 0.428166 -0.027187 3.405181
2.440000 0.428235 0.006865 3.382017
2.450000 0.428642 0.040685 3.353931
2.460000 0.429384 0.074225 3.320997
2.470000 0.430458 0.107435 3.283295
2.480000 0.431861 0.140268 3.240914
2.490000 0.433588 0.172677 3.193946
2.500000 0.435634 0.204616 3.142493
2.510000 0.437994 0.236041 3.086661
2.520000 0.440663 0.266908 3.026561
2.530000 0.443635 0.297173 2.962313
2.540000 0.446903 0.326797 2.894038
2.550000 0.450460 0.355737 2.821866
2.560000 0.454300 0.383956 2.745931
2.570000 0.458414 0.411415 2.666370
2.580000 0.462795 0.438079 2.583327
2.590000 0.467434 0.463912 2.496949
2.600000 0.472323 0.488881 2.407386
2.610000 0.477452 0.512955 2.314795
2.620000 0.482813 0.536103 2.219333
2.630000 0.488396 0.558297 2.121163
2.640000 0.494191 0.579508 2.020449
2.650000 0.500188 0.599713 1.917360
2.660000 0.506377 0.618886 1.812064
2.670000 0.512747 0.637007 1.704734
2.680000 0.519288 0.654054 1.595545
2.690000 0.525988 0.670010 1.484673
2.700000 0.532837 0.684856 1.372294
2.710000 0.539822 0.698579 1.258587
2.720000 0.546934 0.711165 1.143732
2.730000 0.554160 0.722603 1.027907
2.740000 0.561489 0.732882 0.911293
2.750000 0.568909 0.741995 0.794071
2.760000 0.576408 0.749935 0.676419
2.770000 0.583975 0.756699 0.558517
2.780000 0.591598 0.762285 0.440544
2.790000 0.599265 0.766690 0.322677
2.800000 0.606964 0.769917 0.205092
2.810000 0.614684 0.771968 0.087964
2.820000 0.622412 0.772847 -0.028535
2.830000 0.630138 0.772562 -0.144234
2.840000 0.637849 0.771120 -0.258964
2.850000 0.645534 0.768530 -0.372560
2.860000 0.653182 0.764804 -0.484859
2.870000 0.660782 0.759956 -0.595701
2.880000 0.668322 0.753999 -0.704929
2.890000 0.675791 0.746950 -0.812389
2.900000 0.683180 0.738826 -0.917933
2.910000 0.690476 0.729646 -1.021413
2.920000 0.697671 0.719432 -1.122689
2.930000 0.704753 0.708205 -1.221622
2.940000 0.711712 0.695989 -1.318080
2.950000 0.718541 0.682808 -1.411934
2.960000 0.725227 0.668689 -1.503059
2.970000 0.731764 0.653658 -1.591338
2.980000 0.738141 0.637745 -1.676656
2.990000 0.744351 0.620978 -1.758905
3.000000 0.750385 0.603389 -1.837980
3.010000 0.756235 0.585010 -1.913785
3.020000 0.761894 0.565872 -1.986226
3.030000 0.767354 0.546009 -2.055217
3.040000 0.772609 0.525457 -2.120677
3.050000 0.777651 0.504251 -2.182530
3.060000 0.782475 0.482425 -2.240707
3.070000 0.787076 0.460018 -2.295145
3.080000 0.791446 0.437067 -2.345787
3.090000 0.795582 0.413609 -2.392581
3.100000 0.799479 0.389683 -2.435481
3.110000 0.803132 0.365328 -2.474450
3.120000 0.806538 0.340584 -2.509454
3.130000 0.809693 0.315489 -2.540465
3.140000 0.812594 0.290085 -2.567465
3.150000 0.815238 0.264410 -2.590438
3.160000 0.817623 0.238506 -2.609376
3.170000 0.819747 0.212412 -2.624277
3.180000 0.821609 0.186169 -2.635144
3.190000 0.823207 0.159818 -2.641989
3.200000 0.824541 0.133398 -2.644825
3.210000 0.825611 0.106949 -2.643676
3.220000 0.826416 0.080513 -2.638569
3.230000 0.826957 0.054127 -2.629538
3.240000 0.827235 0.027832 -2.616620
3.250000 0.827252 0.001665 -2.599862
3.260000 0.827009 -0.024333 -2.579313
3.270000 0.826507 -0.050126 -2.555029
3.280000 0.825751 -0.075677 -2.527069
3.290000 0.824741 -0.100947 -2.495501
3.300000 0.823482 -0.125902 -2.460395
3.310000 0.821977 -0.150506 -2.421827
3.320000 0.820230 -0.174725 -2.379876
3.330000 0.818245 -0.198523 -2.334629
3.340000 0.816026 -0.221870 -2.286173
3.350000 0.813579 -0.244731 -2.234603
3.360000 0.810908 -0.267077 -2.180017
3.370000 0.808019 -0.288878 -2.122515
3.380000 0.804918 -0.310103 -2.062203
3.390000 0.801611 -0.330725 -1.999190
3.400000 0.798104 -0.350717 -1.933588
3.410000 0.794403 -0.370053 -1.865512
3.420000 0.790516 -0.388708 -1.795080
3.430000 0.786449 -0.406658 -1.722413
3.440000 0.782211 -0.423883 -1.647635
3.450000 0.777807 -0.440359 -1.570871
3.460000 0.773246 -0.456068 -1.492251
3.470000 0.768536 -0.470990 -1.411902
3.480000 0.763685 -0.485109 -1.329959
3.490000 0.758701 -0.498409 -1.246553
3.500000 0.753592 -0.510874 -1.161819
3.510000 0.748368 -0.522492 -1.075893
3.520000 0.743035 -0.533251 -0.988912
3.530000 0.737604 -0.543141 -0.901013
3.540000 0.732082 -0.552151 -0.812334
3.550000 0.726479 -0.560274 -0.723013
3.560000 0.720804 -0.567504 -0.633188
3.570000 0.715066 -0.573836 -0.542996
3.580000 0.709273 -0.579266 -0.452577
3.590000 0.703435 -0.583792 -0.362066
3.600000 0.697561 -0.587412 -0.271601
3.610000 0.691660 -0.590128 -0.181317
3.620000 0.685741 -0.591942 -0.091347
3.630000 0.679812 -0.592855 -0.001825
3.640000 0.673883 -0.592873 0.087118
3.650000 0.667963 -0.592002 0.175352
3.660000 0.662061 -0.590249 0.262750
3.670000 0.656185 -0.587621 0.349185
3.680000 0.650343 -0.584129 0.434535
3.690000 0.644545 -0.579784 0.518678
3.700000 0.638799 -0.574597 0.601496
3.710000 0.633114 -0.568582 0.682874
3.720000 0.627496 -0.561753 0.762698
3.730000 0.621955 -0.554126 0.840859
3.740000 0.616498 -0.545718 0.917251
3.750000 0.611132 -0.536545 0.991771
3.760000 0.605866 -0.526628 1.064319
3.770000 0.600706 -0.515984 1.134798
3.780000 0.595660 -0.504636 1.203118
3.790000 0.590734 -0.492605 1.269188
3.800000 0.585935 -0.479913 1.332925
3.810000 0.581269 -0.466584 1.394249
3.820000 0.576742 -0.452642 1.453083
3.830000 0.572361 -0.438111 1.509354
3.840000 0.568131 -0.423017 1.562996
3.850000 0.564057 -0.407387 1.613945
3.860000 0.560145 -0.391248 1.662141
3.870000 0.556398 -0.374626 1.707531
3.880000 0.552823 -0.357551 1.750065
3.890000 0.549422 -0.340051 1.789697
3.900000 0.546201 -0.322154 1.826387
3.910000 0.543162 -0.303890 1.860099
3.920000 0.540309 -0.285289 1.890802
3.930000 0.537645 -0.266381 1.918469
3.940000 0.535173 -0.247196 1.943078
3.950000 0.532896 -0.227765 1.964613
3.960000 0.530814 -0.208119 1.983061
3.970000 0.528932 -0.188288 1.998414
3.980000 0.527249 -0.168304 2.010670
3.990000 0.525767 -0.148198 2.019830
4.000000 0.524487 -0.127999 2.025901
4.010000 0.523409 -0.107740 2.028894
4.020000 0.522535 -0.087451 2.028824
4.030000 0.521863 -0.067163 2.025711
4.040000 0.521394 -0.046906 2.019580
4.050000 0.521127 -0.026710 2.010459
4.060000 0.521061 -0.006606 1.998382
4.070000 0.521195 0.013378 1.983386
4.080000 0.521527 0.033212 1.965512
4.090000 0.522055 0.052867 1.944806
4.100000 0.522779 0.072315 1.921317
4.110000 0.523694 0.091528 1.895100
4.120000 0.524799 0.110479 1.866210
4.130000 0.526090 0.129141 1.834708
4.140000 0.527565 0.147489 1.800659
4.150000 0.529220 0.165495 1.764130
4.160000 0.531051 0.183136 1.725193
4.170000 0.533055 0.200388 1.683921
4.180000 0.535227 0.217228 1.640392
4.190000 0.537564 0.233632 1.594684
4.200000 0.540059 0.249578 1.546882
4.210000 0.542710 0.265047 1.497070
4.220000 0.545510 0.280018 1.445337
4.230000 0.548455 0.294471 1.391771
4.240000 0.551539 0.308389 1.336466
4.250000 0.554756 0.321754 1.279516
4.260000 0.558102 0.334549 1.221017
4.270000 0.561569 0.346759 1.161067
4.280000 0.565153 0.358370 1.099764
4.290000 0.568847 0.369367 1.037211
4.300000 0.572644 0.379739 0.973508
4.310000 0.576539 0.389474 0.908759
4.320000 0.580524 0.398562 0.843068
4.330000 0.584594 0.406993 0.776539
4.340000 0.588742 0.414758 0.709278
4.350000 0.592960 0.421851 0.641390
4.360000 0.597243 0.428265 0.572981
4.370000 0.601583 0.433995 0.504157
4.380000 0.605973 0.439036 0.435025
4.390000 0.610407 0.443386 0.365689
4.400000 0.614878 0.447043 0.296256
4.410000 0.619378 0.450006 0.226829
4.420000 0.623901 0.452274 0.157514
4.430000 0.628439 0.453849 0.088413
4.440000 0.632986 0.454733 0.019628
4.450000 0.637536 0.454930 -0.048739
4.460000 0.642080 0.454442 -0.116589
4.470000 0.646613 0.453276 -0.183822
4.480000 0.651127 0.451438 -0.250343
4.490000 0.655617 0.448935 -0.316056
4.500000 0.660074 0.445774 -0.380868
4.510000 0.664494 0.441966 -0.444687
4.520000 0.668869 0.437519 -0.507424
4.530000 0.673194 0.432444 -0.568993
4.540000 0.677461 0.426754 -0.629308
4.550000 0.681666 0.420461 -0.688286
4.560000 0.685802 0.413579 -0.745849
4.570000 0.689863 0.406120 -0.801919
4.580000 0.693844 0.398101 -0.856422
4.590000 0.697739 0.389537 -0.909286
4.600000 0.701544 0.380444 -0.960442
4.610000 0.705252 0.370839 -1.009825
4.620000 0.708859 0.360741 -1.057372
4.630000 0.712361 0.350167 -1.103024
4.640000 0.715752 0.339137 -1.146725
4.650000 0.719029 0.327670 -1.188422
4.660000 0.722187 0.315786 -1.228065
4.670000 0.725222 0.303505 -1.265608
4.680000 0.728131 0.290849 -1.301009
4.690000 0.730909 0.277839 -1.334229
4.700000 0.733554 0.264497 -1.365231
4.710000 0.736062 0.250844 -1.393983
4.720000 0.738431 0.236904 -1.420458
4.730000 0.740658 0.222700 -1.444630
4.740000 0.742741 0.208254 -1.466478
4.750000 0.744677 0.193589 -1.485984
4.760000 0.746464 0.178729 -1.503135
4.770000 0.748101 0.163698 -1.517919
4.780000 0.749586 0.148518 -1.530330
4.790000 0.750918 0.133215 -1.540365
4.800000 0.752096 0.117811 -1.548025
4.810000 0.753120 0.102331 -1.553312
4.820000 0.753988 0.086798 -1.556235
4.830000 0.754700 0.071236 -1.556805
4.840000 0.755257 0.055668 -1.555036
4.850000 0.755658 0.040117 -1.550946
4.860000 0.755904 0.024608 -1.544556
4.870000 0.755996 0.009162 -1.535891
4.880000 0.755934 -0.006197 -1.524978
4.890000 0.755719 -0.021446 -1.511849
4.900000 0.755354 -0.036565 -1.496537
4.910000 0.754838 -0.051530 -1.479080
4.920000 0.754175 -0.066321 -1.459518
4.930000 0.753366 -0.080916 -1.437893
4.940000 0.752413 -0.095295 -1.414253
4.950000 0.751319 -0.109438 -1.388644
4.960000 0.750085 -0.123324 -1.361120
4.970000 0.748716 -0.136935 -1.331732
4.980000 0.747213 -0.150253 -1.300538
4.990000 0.745581 -0.163258 -1.267596
5.000000 0.743822 -0.175934 -1.232966
5.010000 0.741939 -0.188264 -1.196712
5.020000 0.739937 -0.200231 -1.158899
5.030000 0.737818 -0.211820 -1.119593
5.040000 0.735588 -0.223016 -1.078864
5.050000 0.733250 -0.233804 -1.036780
5.060000 0.730808 -0.244172 -0.993415
5.070000 0.728267 -0.254106 -0.948842
5.080000 0.725631 -0.263595 -0.903136
5.090000 0.722905 -0.272626 -0.856371
5.100000 0.720093 -0.281190 -0.808626
5.110000 0.717201 -0.289276 -0.759979
5.120000 0.714232 -0.296876 -0.710508
5.130000 0.711192 -0.303981 -0.660292
5.140000 0.708086 -0.310584 -0.609413
5.150000 0.704919 -0.316678 -0.557950
5.160000 0.701697 -0.322257 -0.505985
5.170000 0.698424 -0.327317 -0.453598
5.180000 0.695105 -0.331853 -0.400872
5.190000 0.691746 -0.335862 -0.347887
5.200000 0.688353 -0.339341 -0.294724
5.210000 0.684930 -0.342288 -0.241465
5.220000 0.681483 -0.344703 -0.188191
5.230000 0.678017 -0.346585 -0.134980
5.240000 0.674538 -0.347934 -0.081912
5.250000 0.671050 -0.348754 -0.029067
5.260000 0.667560 -0.349044 0.023479
5.270000 0.664072 -0.348809 0.075648
5.280000 0.660591 -0.348053 0.127364
5.290000 0.657124 -0.346779 0.178553
5.300000 0.653674 -0.344994 0.229142
5.310000 0.650247 -0.342702 0.279058
5.320000 0.646847 -0.339912 0.328230
5.330000 0.643481 -0.336630 0.376591
5.340000 0.640153 -0.332864 0.424073
5.350000 0.636866 -0.328623 0.470610
5.360000 0.633627 -0.323917 0.516139
5.370000 0.630440 -0.318755 0.560597
5.380000 0.627308 -0.313149 0.603926
5.390000 0.624237 -0.307110 0.646067
5.400000 0.621231 -0.300650 0.686965
5.410000 0.618293 -0.293780 0.726566
5.420000 0.615428 -0.286514 0.764821
5.430000 0.612639 -0.278866 0.801679
5.440000 0.609930 -0.270849 0.837096
5.450000 0.607306 -0.262478 0.871026
5.460000 0.604768 -0.253768 0.903430
5.470000 0.602321 -0.244734 0.934268
5.480000 0.599967 -0.235391 0.963504
5.490000 0.597709 -0.225756 0.991104
5.500000 0.595551 -0.215845 1.017039
5.510000 0.593494 -0.205675 1.041279
5.520000 0.591541 -0.195262 1.063800
5.530000 0.589695 -0.184624 1.084579
5.540000 0.587957 -0.173778 1.103596
5.550000 0.586330 -0.162742 1.120834
5.560000 0.584815 -0.151534 1.136278
5.570000 0.583413 -0.140171 1.149918
5.580000 0.582126 -0.128672 1.161745
5.590000 0.580956 -0.117054 1.171751
5.600000 0.579902 -0.105337 1.179936
5.610000 0.578967 -0.093537 1.186297
5.620000 0.578150 -0.081674 1.190837
5.630000 0.577452 -0.069766 1.193561
5.640000 0.576874 -0.057830 1.194478
5.650000 0.576415 -0.045886 1.193596
5.660000 0.576076 -0.033950 1.190930
5.670000 0.575855 -0.022040 1.186495
5.680000 0.575754 -0.010175 1.180310
5.690000 0.575770 0.001628 1.172393
5.700000 0.575903 0.013352 1.162770
5.710000 0.576153 0.024979 1.151465
5.720000 0.576518 0.036494 1.138507
5.730000 0.576997 0.047879 1.123924
5.740000 0.577588 0.059118 1.107751
5.750000 0.578290 0.070196 1.090021
5.760000 0.579101 0.081096 1.070772
5.770000 0.580019 0.091804 1.050041
5.780000 0.581042 0.102304 1.027871
5.790000 0.582168 0.112583 1.004302
5.800000 0.583394 0.122626 0.979380
5.810000 0.584718 0.132420 0.953151
5.820000 0.586138 0.141951 0.925663
5.830000 0.587650 0.151208 0.896965
5.840000 0.589252 0.160177 0.867108
5.850000 0.590940 0.168849 0.836145
5.860000 0.592712 0.177210 0.804128
5.870000 0.594565 0.185251 0.771114
5.880000 0.596494 0.192962 0.737157
5.890000 0.598498 0.200334 0.702316
5.900000 0.600571 0.207357 0.666647
5.910000 0.602712 0.214024 0.630210
5.920000 0.604915 0.220326 0.593065
5.930000 0.607177 0.226256 0.555272
5.940000 0.609496 0.231809 0.516891
5.950000 0.611865 0.236978 0.477984
5.960000 0.614283 0.241758 0.438614
5.970000 0.616744 0.246144 0.398841
5.980000 0.619246 0.250132 0.358729
5.990000 0.621783 0.253720 0.318339
6.000000 0.624352 0.256903 0.277735
6.010000 0.626949 0.259680 0.236977
6.020000 0.629569 0.262050 0.196129
6.030000 0.632209 0.264011 0.155253
6.040000 0.634865 0.265564 0.114409
6.050000 0.637532 0.266708 0.073659
6.060000 0.640206 0.267445 0.033064
6.070000 0.642884 0.267775 -0.007317
6.080000 0.645561 0.267702 -0.047425
6.090000 0.648234 0.267228 -0.087201
6.100000 0.650897 0.266356 -0.126588
6.110000 0.653548 0.265090 -0.165528
6.120000 0.656182 0.263435 -0.203968
6.130000 0.658796 0.261395 -0.241851
6.140000 0.661386 0.258977 -0.279125
6.150000 0.663948 0.256185 -0.315739
6.160000 0.666478 0.253028 -0.351641
6.170000 0.668973 0.249511 -0.386782
6.180000 0.671430 0.245644 -0.421114
6.190000 0.673844 0.241432 -0.454592
6.200000 0.676213 0.236887 -0.487170
6.210000 0.678533 0.232015 -0.518806
6.220000 0.680801 0.226827 -0.549458
6.230000 0.683015 0.221332 -0.579086
6.240000 0.685170 0.215541 -0.607653
6.250000 0.687265 0.209465 -0.635123
6.260000 0.689296 0.203114 -0.661462
6.270000 0.691261 0.196499 -0.686637
6.280000 0.693157 0.189633 -0.710619
6.290000 0.694982 0.182526 -0.733379
6.300000 0.696734 0.175193 -0.754891
6.310000 0.698411 0.167644 -0.775131
6.320000 0.700010 0.159892 -0.794076
6.330000 0.701529 0.151952 -0.811707
6.340000 0.702968 0.143835 -0.828006
6.350000 0.704323 0.135555 -0.842958
6.360000 0.705594 0.127125 -0.856547
6.370000 0.706780 0.118559 -0.868763
6.380000 0.707879 0.109872 -0.879597
6.390000 0.708889 0.101076 -0.889041
6.400000 0.709811 0.092185 -0.897090
6.410000 0.710643 0.083215 -0.903741
6.420000 0.711385 0.074177 -0.908994
6.430000 0.712036 0.065087 -0.912848
6.440000 0.712596 0.055959 -0.915309
6.450000 0.713064 0.046806 -0.916380
6.460000 0.713440 0.037642 -0.916070
6.470000 0.713725 0.028481 -0.914387
6.480000 0.713918 0.019337 -0.911345
6.490000 0.714021 0.010224 -0.906954
6.500000 0.714032 0.001154 -0.901232
6.510000 0.713954 -0.007858 -0.894196
6.520000 0.713786 -0.016800 -0.885863
6.530000 0.713529 -0.025659 -0.876256
6.540000 0.713185 -0.034421 -0.865398
6.550000 0.712754 -0.043075 -0.853311
6.560000 0.712238 -0.051608 -0.840023
6.570000 0.711638 -0.060009 -0.825562
6.580000 0.710955 -0.068264 -0.809956
6.590000 0.710192 -0.076364 -0.793237
6.600000 0.709349 -0.084296 -0.775437
6.610000 0.708428 -0.092050 -0.756589
6.620000 0.707432 -0.099616 -0.736728
6.630000 0.706362 -0.106984 -0.715892
6.640000 0.705221 -0.114143 -0.694117
6.650000 0.704010 -0.121084 -0.671443
6.660000 0.702732 -0.127798 -0.647909
6.670000 0.701389 -0.134277 -0.623556
6.680000 0.699984 -0.140513 -0.598426
6.690000 0.698519 -0.146497 -0.572562
6.700000 0.696997 -0.152223 -0.546007
6.710000 0.695420 -0.157683 -0.518805
6.720000 0.693791 -0.162871 -0.491002
6.730000 0.692113 -0.167781 -0.462644
6.740000 0.690389 -0.172407 -0.433775
6.750000 0.688622 -0.176745 -0.404444
6.760000 0.686814 -0.180789 -0.374697
6.770000 0.684969 -0.184536 -0.344581
6.780000 0.683089 -0.187982 -0.314144
6.790000 0.681178 -0.191124 -0.283433
6.800000 0.679238 -0.193958 -0.252497
6.810000 0.677273 -0.196483 -0.221384
6.820000 0.675286 -0.198697 -0.190140
6.830000 0.673280 -0.200598 -0.158814
6.840000 0.671258 -0.202186 -0.127454
6.850000 0.669224 -0.203461 -0.096107
6.860000 0.667180 -0.204422 -0.064819
6.870000 0.665129 -0.205070 -0.033637
6.880000 0.663075 -0.205406 -0.002607
6.890000 0.661020 -0.205433 0.028225
6.900000 0.658969 -0.205150 0.058814
6.910000 0.656923 -0.204562 0.089116
6.920000 0.654887 -0.203671 0.119087
6.930000 0.652862 -0.202480 0.148685
6.940000 0.650852 -0.200993 0.177868
6.950000 0.648860 -0.199215 0.206594
6.960000 0.646888 -0.197149 0.234823
6.970000 0.644940 -0.194800 0.262517
6.980000 0.643018 -0.192175 0.289637
6.990000 0.641126 -0.189279 0.316146
7.000000 0.639265 -0.186117 0.342009
7.010000 0.637438 -0.182697 0.367190
7.020000 0.635647 -0.179025 0.391657
7.030000 0.633896 -0.175109 0.415378
7.040000 0.632187 -0.170955 0.438321
7.050000 0.630521 -0.166572 0.460458
7.060000 0.628901 -0.161967 0.481760
7.070000 0.627330 -0.157150 0.502201
7.080000 0.625808 -0.152128 0.521756
7.090000 0.624339 -0.146910 0.540401
7.100000 0.622924 -0.141506 0.558114
7.110000 0.621565 -0.135925 0.574875
7.120000 0.620263 -0.130176 0.590665
7.130000 0.619021 -0.124270 0.605466
7.140000 0.617838 -0.118215 0.619263
7.150000 0.616718 -0.112022 0.632041
7.160000 0.615661 -0.105702 0.643788
7.170000 0.614669 -0.099264 0.654493
7.180000 0.613741 -0.092719 0.664147
7.190000 0.612881 -0.086078 0.672741
7.200000 0.612087 -0.079350 0.680271
7.210000 0.611362 -0.072547 0.686731
7.220000 0.610705 -0.065680 0.692120
7.230000 0.610117 -0.058759 0.696435
7.240000 0.609599 -0.051795 0.699677
7.250000 0.609151 -0.044798 0.701849
7.260000 0.608774 -0.037779 0.702954
7.270000 0.608466 -0.030750 0.702997
7.280000 0.608229 -0.023720 0.701986
7.290000 0.608062 -0.016700 0.699928
7.300000 0.607965 -0.009701 0.696833
7.310000 0.607937 -0.002732 0.692714
7.320000 0.607979 0.004195 0.687582
7.330000 0.608090 0.011071 0.681452
7.340000 0.608269 0.017885 0.674340
7.350000 0.608515 0.024628 0.666262
7.360000 0.608828 0.031291 0.657238
7.370000 0.609207 0.037863 0.647286
7.380000 0.609650 0.044336 0.636429
7.390000 0.610157 0.050701 0.624687
7.400000 0.610727 0.056947 0.612084
7.410000 0.611357 0.063068 0.598645
7.420000 0.612048 0.069055 0.584396
7.430000 0.612797 0.074899 0.569362
7.440000 0.613603 0.080592 0.553573
7.450000 0.614464 0.086128 0.537055
7.460000 0.615379 0.091499 0.519840
7.470000 0.616346 0.096697 0.501956
7.480000 0.617363 0.101717 0.483436
7.490000 0.618429 0.106551 0.464311
7.500000 0.619541 0.111194 0.444614
7.510000 0.620697 0.115640 0.424378
7.520000 0.621896 0.119884 0.403637
7.530000 0.623135 0.123920 0.382425
7.540000 0.624413 0.127745 0.360778
7.550000 0.625726 0.131352 0.338730
7.560000 0.627073 0.134740 0.316317
7.570000 0.628453 0.137903 0.293576
7.580000 0.629861 0.140839 0.270541
7.590000 0.631296 0.143544 0.247251
7.600000 0.632757 0.146017 0.223742
7.610000 0.634239 0.148254 0.200049
7.620000 0.635742 0.150254 0.176211
7.630000 0.637262 0.152017 0.152263
7.640000 0.638797 0.153539 0.128242
7.650000 0.640345 0.154822 0.104186
7.660000 0.641904 0.155863 0.080129
7.670000 0.643471 0.156665 0.056108
7.680000 0.645043 0.157226 0.032160
7.690000 0.646618 0.157547 0.008319
7.700000 0.648195 0.157631 -0.015380
7.710000 0.649769 0.157477 -0.038902
7.720000 0.651340 0.157088 -0.062212
7.730000 0.652905 0.156466 -0.085277
7.740000 0.654461 0.155613 -0.108065
7.750000 0.656006 0.154532 -0.130542
7.760000 0.657539 0.153227 -0.152678
7.770000 0.659056 0.151700 -0.174441
7.780000 0.660555 0.149956 -0.195800
7.790000 0.662035 0.147998 -0.216727
7.800000 0.663494 0.145830 -0.237193
7.810000 0.664928 0.143458 -0.257170
7.820000 0.666337 0.140887 -0.276631
7.830000 0.667718 0.138120 -0.295551
7.840000 0.669070 0.135165 -0.313905
7.850000 0.670390 0.132026 -0.331668
7.860000 0.671677 0.128709 -0.348819
7.870000 0.672929 0.125221 -0.365335
7.880000 0.674145 0.121568 -0.381195
7.890000 0.675323 0.117756 -0.396381
7.900000 0.676461 0.113792 -0.410873
7.910000 0.677557 0.109683 -0.424655
7.920000 0.678612 0.105437 -0.437710
7.930000 0.679622 0.101060 -0.450024
7.940000 0.680588 0.096559 -0.461583
7.950000 0.681507 0.091943 -0.472374
7.960000 0.682380 0.087220 -0.482386
7.970000 0.683204 0.082396 -0.491610
7.980000 0.683978 0.077480 -0.500037
7.990000 0.684703 0.072479 -0.507658
8.000000 0.685377 0.067403 -0.514469
8.010000 0.686000 0.062258 -0.520464
8.020000 0.686570 0.057053 -0.525639
8.030000 0.687088 0.051797 -0.529992
8.040000 0.687553 0.046497 -0.533521
8.050000 0.687965 0.041162 -0.536228
8.060000 0.688323 0.035800 -0.538112
8.070000 0.688627 0.030419 -0.539177
8.080000 0.688877 0.025027 -0.539427
8.090000 0.689074 0.019633 -0.538865
8.100000 0.689216 0.014244 -0.537499
8.110000 0.689305 0.008869 -0.535336
8.120000 0.689340 0.003516 -0.532383
8.130000 0.689322 -0.001808 -0.528652
8.140000 0.689251 -0.007095 -0.524151
8.150000 0.689127 -0.012336 -0.518894
8.160000 0.688952 -0.017525 -0.512892
8.170000 0.688726 -0.022654 -0.506160
8.180000 0.688449 -0.027716 -0.498713
8.190000 0.688122 -0.032703 -0.490566
8.200000 0.687745 -0.037609 -0.481736
8.210000 0.687321 -0.042426 -0.472241
8.220000 0.686850 -0.047148 -0.462099
8.230000 0.686332 -0.051769 -0.451330
8.240000 0.685769 -0.056283 -0.439954
8.250000 0.685162 -0.060682 -0.427992
8.260000 0.684513 -0.064962 -0.415465
8.270000 0.683822 -0.069117 -0.402397
8.280000 0.683090 -0.073141 -0.388811
8.290000 0.682320 -0.077029 -0.374729
8.300000 0.681512 -0.080776 -0.360177
8.310000 0.680668 -0.084378 -0.345179
8.320000 0.679790 -0.087830 -0.329761
8.330000 0.678879 -0.091127 -0.313948
8.340000 0.677936 -0.094267 -0.297768
8.350000 0.676964 -0.097244 -0.281246
8.360000 0.675963 -0.100057 -0.264409
8.370000 0.674936 -0.102701 -0.247285
8.380000 0.673884 -0.105174 -0.229902
8.390000 0.672810 -0.107473 -0.212286
8.400000 0.671714 -0.109596 -0.194467
8.410000 0.670598 -0.111540 -0.176472
8.420000 0.669465 -0.113305 -0.158329
8.430000 0.668316 -0.114888 -0.140067
8.440000 0.667153 -0.116289 -0.121713
8.450000 0.665978 -0.117506 -0.103296
8.460000 0.664793 -0.118539 -0.084844
8.470000 0.663599 -0.119388 -0.066384
8.480000 0.662399 -0.120051 -0.047945
8.490000 0.661193 -0.120531 -0.029554
8.500000 0.659985 -0.120826 -0.011237
8.510000 0.658776 -0.120939 0.006976
8.520000 0.657567 -0.120869 0.025061
8.530000 0.656361 -0.120618 0.042991
8.540000 0.655159 -0.120189 0.060740
8.550000 0.653963 -0.119581 0.078282
8.560000 0.652775 -0.118798 0.095593
8.570000 0.651597 -0.117842 0.112648
8.580000 0.650429 -0.116716 0.129424
8.590000 0.649275 -0.115422 0.145896
8.600000 0.648136 -0.113963 0.162042
8.610000 0.647012 -0.112342 0.177840
8.620000 0.645907 -0.110564 0.193268
8.630000 0.644820 -0.108631 0.208307
8.640000 0.643755 -0.106548 0.222935
8.650000 0.642712 -0.104319 0.237134
8.660000 0.641692 -0.101947 0.250884
8.670000 0.640698 -0.099439 0.264169
8.680000 0.639730 -0.096797 0.276972
8.690000 0.638789 -0.094027 0.289276
8.700000 0.637878 -0.091134 0.301066
8.710000 0.636997 -0.088124 0.312327
8.720000 0.636147 -0.085000 0.323047
8.730000 0.635329 -0.081770 0.333213
8.740000 0.634545 -0.078438 0.342813
8.750000 0.633795 -0.075010 0.351836
8.760000 0.633080 -0.071491 0.360273
8.770000 0.632401 -0.067889 0.368114
8.780000 0.631759 -0.064208 0.375353
8.790000 0.631154 -0.060454 0.381981
8.800000 0.630588 -0.056634 0.387993
8.810000 0.630060 -0.052754 0.393384
8.820000 0.629572 -0.048820 0.398150
8.830000 0.629124 -0.044839 0.402288
8.840000 0.628716 -0.040816 0.405796
8.850000 0.628348 -0.036758 0.408672
8.860000 0.628021 -0.032671 0.410916
8.870000 0.627736 -0.028562 0.412530
8.880000 0.627491 -0.024437 0.413514
8.890000 0.627288 -0.020302 0.413871
8.900000 0.627127 -0.016163 0.413605
8.910000 0.627006 -0.012027 0.412721
8.920000 0.626927 -0.007900 0.411223
8.930000 0.626890 -0.003788 0.409118
8.940000 0.626893 0.000304 0.406414
8.950000 0.626936 0.004368 0.403117
8.960000 0.627020 0.008399 0.399237
8.970000 0.627144 0.012391 0.394783
8.980000 0.627308 0.016339 0.389766
8.990000 0.627510 0.020237 0.384197
9.000000 0.627751 0.024079 0.378088
9.010000 0.628029 0.027860 0.371451
9.020000 0.628345 0.031574 0.364301
9.030000 0.628697 0.035217 0.356650
9.040000 0.629085 0.038784 0.348515
9.050000 0.629508 0.042269 0.339909
9.060000 0.629964 0.045668 0.330849
9.070000 0.630454 0.048976 0.321352
9.080000 0.630976 0.052190 0.311435
9.090000 0.631529 0.055304 0.301115
9.100000 0.632112 0.058315 0.290411
9.110000 0.632724 0.061219 0.279340
9.120000 0.633365 0.064013 0.267922
9.130000 0.634032 0.066692 0.256177
9.140000 0.634724 0.069254 0.244124
9.150000 0.635441 0.071695 0.231783
9.160000 0.636181 0.074013 0.219174
9.170000 0.636943 0.076205 0.206319
9.180000 0.637726 0.078268 0.193238
9.190000 0.638528 0.080200 0.179951
9.200000 0.639348 0.082000 0.166482
9.210000 0.640185 0.083665 0.152850
9.220000 0.641036 0.085193 0.139078
9.230000 0.641902 0.086584 0.125186
9.240000 0.642781 0.087836 0.111197
9.250000 0.643670 0.088948 0.097132
9.260000 0.644569 0.089919 0.083013
9.270000 0.645477 0.090749 0.068861
9.280000 0.646391 0.091438 0.054698
9.290000 0.647311 0.091985 0.040544
9.300000 0.648235 0.092390 0.026422
9.310000 0.649161 0.092654 0.012352
9.320000 0.650089 0.092778 -0.001645
9.330000 0.651017 0.092761 -0.015548
9.340000 0.651943 0.092606 -0.029338
9.350000 0.652866 0.092313 -0.042994
9.360000 0.653785 0.091883 -0.056497
9.370000 0.654698 0.091318 -0.069828
9.380000 0.655604 0.090619 -0.082967
9.390000 0.656502 0.089790 -0.095896
9.400000 0.657390 0.088831 -0.108597
9.410000 0.658268 0.087745 -0.121053
9.420000 0.659133 0.086534 -0.133246
9.430000 0.659985 0.085202 -0.145160
9.440000 0.660823 0.083750 -0.156779
9.450000 0.661645 0.082182 -0.168088
9.460000 0.662450 0.080502 -0.179070
9.470000 0.663237 0.078711 -0.189713
9.480000 0.664005 0.076814 -0.200002
9.490000 0.664753 0.074814 -0.209924
9.500000 0.665480 0.072714 -0.219467
9.510000 0.666185 0.070520 -0.228618
9.520000 0.666868 0.068234 -0.237367
9.530000 0.667526 0.065860 -0.245703
9.540000 0.668160 0.063403 -0.253617
9.550000 0.668769 0.060867 -0.261098
9.560000 0.669352 0.058256 -0.268139
9.570000 0.669907 0.055574 -0.274733
9.580000 0.670436 0.052827 -0.280871
9.590000 0.670936 0.050018 -0.286548
9.600000 0.671407 0.047153 -0.291758
9.610000 0.671850 0.044235 -0.296497
9.620000 0.672262 0.041270 -0.300760
9.630000 0.672645 0.038263 -0.304545
9.640000 0.672997 0.035217 -0.307848
9.650000 0.673319 0.032139 -0.310668
9.660000 0.673609 0.029032 -0.313003
9.670000 0.673868 0.025902 -0.314854
9.680000 0.674095 0.022754 -0.316221
9.690000 0.674291 0.019591 -0.317104
9.700000 0.674455 0.016420 -0.317506
9.710000 0.674588 0.013245 -0.317429
9.720000 0.674689 0.010071 -0.316876
9.730000 0.674758 0.006902 -0.315852
9.740000 0.674795 0.003744 -0.314360
9.750000 0.674801 0.000600 -0.312407
9.760000 0.674776 -0.002524 -0.309998
9.770000 0.674720 -0.005624 -0.307139
9.780000 0.674633 -0.008695 -0.303838
9.790000 0.674515 -0.011734 -0.300103
9.800000 0.674368 -0.014735 -0.295942
9.810000 0.674191 -0.017694 -0.291365
9.820000 0.673985 -0.020608 -0.286380
9.830000 0.673750 -0.023472 -0.280997
9.840000 0.673487 -0.026282 -0.275229
9.850000 0.673197 -0.029034 -0.269085
9.860000 0.672880 -0.031725 -0.262577
9.870000 0.672536 -0.034351 -0.255717
9.880000 0.672167 -0.036908 -0.248519
9.890000 0.671773 -0.039393 -0.240995
9.900000 0.671355 -0.041803 -0.233158
9.910000 0.670914 -0.044134 -0.225022
9.920000 0.670450 -0.046385 -0.216602
9.930000 0.669965 -0.048551 -0.207911
9.940000 0.669458 -0.050630 -0.198965
9.950000 0.668932 -0.052619 -0.189779
9.960000 0.668387 -0.054517 -0.180368
9.970000 0.667824 -0.056321 -0.170748
9.980000 0.667243 -0.058028 -0.160933
9.990000 0.666647 -0.059638 -0.150942
10.000000 0.666036 -0.061147 -0.140789
10.010000 0.665410 -0.062555 -0.130490
10.020000 0.664771 -0.063860 -0.120063
10.030000 0.664121 -0.065061 -0.109524
10.040000 0.663459 -0.066156 -0.098888
10.050000 0.662788 -0.067145 -0.088174
10.060000 0.662108 -0.068026 -0.077397
10.070000 0.661420 -0.068800 -0.066574
10.080000 0.660725 -0.069466 -0.055721
10.090000 0.660025 -0.070023 -0.044855
10.100000 0.659320 -0.070472 -0.033993
10.110000 0.658612 -0.070812 -0.023150
10.120000 0.657901 -0.071043 -0.012343
10.130000 0.657190 -0.071167 -0.001588
10.140000 0.656478 -0.071183 0.009100
10.150000 0.655767 -0.071092 0.019704
10.160000 0.655058 -0.070895 0.030210
10.170000 0.654352 -0.070592 0.040603
10.180000 0.653650 -0.070186 0.050867
10.190000 0.652953 -0.069678 0.060988
10.200000 0.652263 -0.069068 0.070952
10.210000 0.651579 -0.068358 0.080744
10.220000 0.650904 -0.067551 0.090352
10.230000 0.650237 -0.066647 0.099762
10.240000 0.649581 -0.065650 0.108961
10.250000 0.648935 -0.064560 0.117937
10.260000 0.648301 -0.063381 0.126677
10.270000 0.647680 -0.062114 0.135171
10.280000 0.647073 -0.060762 0.143407
10.290000 0.646479 -0.059328 0.151374
10.300000 0.645901 -0.057815 0.159062
10.310000 0.645339 -0.056224 0.166462
10.320000 0.644793 -0.054559 0.173564
10.330000 0.644265 -0.052824 0.180359
10.340000 0.643755 -0.051020 0.186840
10.350000 0.643263 -0.049152 0.192998
10.360000 0.642791 -0.047222 0.198827
10.370000 0.642339 -0.045233 0.204319
10.380000 0.641907 -0.043190 0.209470
10.390000 0.641496 -0.041096 0.214273
10.400000 0.641106 -0.038953 0.218723
10.410000 0.640739 -0.036766 0.222816
10.420000 0.640393 -0.034537 0.226548
10.430000 0.640071 -0.032272 0.229916
10.440000 0.639771 -0.029973 0.232918
10.450000 0.639495 -0.027644 0.235551
10.460000 0.639242 -0.025288 0.237813
10.470000 0.639013 -0.022910 0.239703
10.480000 0.638807 -0.020513 0.241222
10.490000 0.638626 -0.018101 0.242369
10.500000 0.638470 -0.015677 0.243146
10.510000 0.638337 -0.013246 0.243552
10.520000 0.638229 -0.010810 0.243590
10.530000 0.638145 -0.008374 0.243263
10.540000 0.638086 -0.005941 0.242573
10.550000 0.638051 -0.003516 0.241524
10.560000 0.638040 -0.001101 0.240119
10.570000 0.638053 0.001301 0.238363
10.580000 0.638090 0.003684 0.236261
10.590000 0.638150 0.006047 0.233818
10.600000 0.638234 0.008385 0.231041
10.610000 0.638341 0.010696 0.227935
10.620000 0.638471 0.012975 0.224507
10.630000 0.638623 0.015220 0.220765
10.640000 0.638797 0.017428 0.216715
10.650000 0.638993 0.019595 0.212368
10.660000 0.639210 0.021718 0.207729
10.670000 0.639448 0.023796 0.202810
10.680000 0.639706 0.025824 0.197618
10.690000 0.639984 0.027800 0.192163
10.700000 0.640282 0.029722 0.186456
10.710000 0.640598 0.031586 0.180506
10.720000 0.640931 0.033391 0.174324
10.730000 0.641283 0.035134 0.167921
10.740000 0.641651 0.036814 0.161308
10.750000 0.642035 0.038427 0.154495
10.760000 0.642435 0.039972 0.147495
10.770000 0.642849 0.041447 0.140319
10.780000 0.643278 0.042850 0.132980
10.790000 0.643720 0.044180 0.125488
10.800000 0.644174 0.045435 0.117858
10.810000 0.644640 0.046613 0.110100
10.820000 0.645117 0.047714 0.102227
10.830000 0.645605 0.048736 0.094252
10.840000 0.646101 0.049679 0.086187
10.850000 0.646607 0.050541 0.078046
10.860000 0.647120 0.051321 0.069841
10.870000 0.647640 0.052020 0.061584
10.880000 0.648167 0.052635 0.053288
10.890000 0.648698 0.053168 0.044966
10.900000 0.649234 0.053618 0.036631
10.910000 0.649774 0.053984 0.028296
10.920000 0.650317 0.054267 0.019972
10.930000 0.650862 0.054467 0.011672
10.940000 0.651407 0.054584 0.003408
10.950000 0.651954 0.054618 -0.004806
10.960000 0.652499 0.054570 -0.012961
10.970000 0.653044 0.054440 -0.021042
10.980000 0.653586 0.054230 -0.029040
10.990000 0.654125 0.053939 -0.036942
11.000000 0.654661 0.053570 -0.044738
11.010000 0.655192 0.053123 -0.052415
11.020000 0.655718 0.052598 -0.059964
11.030000 0.656238 0.051999 -0.067374
11.040000 0.656752 0.051325 -0.074635
11.050000 0.657257 0.050579 -0.081737
11.060000 0.657755 0.049761 -0.088670
11.070000 0.658244 0.048875 -0.095424
11.080000 0.658723 0.047920 -0.101992
11.090000 0.659192 0.046900 -0.108364
11.100000 0.659650 0.045817 -0.114533
11.110000 0.660097 0.044671 -0.120489
11.120000 0.660531 0.043467 -0.126226
11.130000 0.660954 0.042204 -0.131736
11.140000 0.661362 0.040887 -0.137013
11.150000 0.661758 0.039517 -0.142049
11.160000 0.662139 0.038096 -0.146841
11.170000 0.662505 0.036628 -0.151380
11.180000 0.662856 0.035114 -0.155663
11.190000 0.663192 0.033557 -0.159685
11.200000 0.663511 0.031961 -0.163441
11.210000 0.663814 0.030326 -0.166928
11.220000 0.664101 0.028657 -0.170141
11.230000 0.664371 0.026955 -0.173079
11.240000 0.664623 0.025225 -0.175738
11.250000 0.664857 0.023467 -0.178115
11.260000 0.665074 0.021686 -0.180211
11.270000 0.665273 0.019884 -0.182022
11.280000 0.665454 0.018064 -0.183548
11.290000 0.665616 0.016228 -0.184789
11.300000 0.665760 0.014380 -0.185745
11.310000 0.665885 0.012523 -0.186416
11.320000 0.665992 0.010659 -0.186804
11.330000 0.666080 0.008791 -0.186908
11.340000 0.666149 0.006922 -0.186731
11.350000 0.666199 0.005054 -0.186276
11.360000 0.666231 0.003192 -0.185544
11.370000 0.666245 0.001336 -0.184538
11.380000 0.666240 -0.000509 -0.183262
11.390000 0.666216 -0.002342 -0.181720
11.400000 0.666175 -0.004159 -0.179915
11.410000 0.666115 -0.005958 -0.177852
11.420000 0.666038 -0.007737 -0.175535
11.430000 0.665943 -0.009492 -0.172970
11.440000 0.665830 -0.011222 -0.170163
11.450000 0.665701 -0.012923 -0.167118
11.460000 0.665555 -0.014594 -0.163843
11.470000 0.665393 -0.016233 -0.160343
11.480000 0.665215 -0.017836 -0.156625
11.490000 0.665021 -0.019403 -0.152697
11.500000 0.664811 -0.020930 -0.148565
11.510000 0.664587 -0.022415 -0.144237
11.520000 0.664349 -0.023858 -0.139721
11.530000 0.664096 -0.025255 -0.135024
11.540000 0.663830 -0.026605 -0.130156
11.550000 0.663551 -0.027907 -0.125124
11.560000 0.663259 -0.029158 -0.119937
11.570000 0.662956 -0.030357 -0.114604
11.580000 0.662641 -0.031503 -0.109133
11.590000 0.662315 -0.032595 -0.103535
11.600000 0.661978 -0.033630 -0.097817
11.610000 0.661632 -0.034608 -0.091990
11.620000 0.661277 -0.035528 -0.086063
11.630000 0.660913 -0.036389 -0.080045
11.640000 0.660541 -0.037189 -0.073947
11.650000 0.660162 -0.037929 -0.067777
11.660000 0.659776 -0.038606 -0.061545
11.670000 0.659384 -0.039222 -0.055262
11.680000 0.658986 -0.039774 -0.048937
11.690000 0.658583 -0.040264 -0.042579
11.700000 0.658176 -0.040690 -0.036199
11.710000 0.657766 -0.041052 -0.029806
11.720000 0.657352 -0.041350 -0.023410
11.730000 0.656937 -0.041584 -0.017020
11.740000 0.656519 -0.041754 -0.010646
11.750000 0.656100 -0.041860 -0.004298
11.760000 0.655681 -0.041903 0.002016
11.770000 0.655263 -0.041883 0.008285
11.780000 0.654845 -0.041800 0.014501
11.790000 0.654428 -0.041655 0.020655
11.800000 0.654014 -0.041449 0.026738
11.810000 0.653602 -0.041181 0.032742
11.820000 0.653193 -0.040854 0.038657
11.830000 0.652789 -0.040467 0.044476
11.840000 0.652388 -0.040023 0.050190
11.850000 0.651993 -0.039521 0.055792
11.860000 0.651603 -0.038963 0.061274
11.870000 0.651220 -0.038350 0.066628
11.880000 0.650843 -0.037684 0.071847
11.890000 0.650473 -0.036965 0.076925
11.900000 0.650112 -0.036196 0.081855
11.910000 0.649758 -0.035378 0.086629
11.920000 0.649413 -0.034511 0.091243
11.930000 0.649077 -0.033599 0.095689
11.940000 0.648750 -0.032642 0.099964
11.950000 0.648434 -0.031642 0.104060
11.960000 0.648128 -0.030602 0.107974
11.970000 0.647833 -0.029522 0.111701
11.980000 0.647549 -0.028405 0.115235
11.990000 0.647276 -0.027253 0.118574
12.000000 0.647015 -0.026067 0.121713
12.010000 0.646767 -0.024850 0.124650
12.020000 0.646531 -0.023603 0.127380
12.030000 0.646308 -0.022329 0.129901
12.040000 0.646097 -0.021030 0.132212
12.050000 0.645900 -0.019708 0.134309
12.060000 0.645716 -0.018365 0.136190
12.070000 0.645546 -0.017003 0.137856
12.080000 0.645390 -0.015625 0.139303
12.090000 0.645248 -0.014232 0.140532
12.100000 0.645120 -0.012826 0.141543
12.110000 0.645006 -0.011411 0.142335
12.120000 0.644906 -0.009988 0.142908
12.130000 0.644820 -0.008558 0.143262
12.140000 0.644749 -0.007126 0.143400
12.150000 0.644692 -0.005692 0.143322
12.160000 0.644649 -0.004259 0.143029
12.170000 0.644621 -0.002828 0.142524
12.180000 0.644607 -0.001403 0.141808
12.190000 0.644607 0.000015 0.140884
12.200000 0.644621 0.001424 0.139754
12.210000 0.644650 0.002821 0.138423
12.220000 0.644692 0.004206 0.136892
12.230000 0.644747 0.005574 0.135166
12.240000 0.644817 0.006926 0.133249
12.250000 0.644899 0.008259 0.131144
12.260000 0.644995 0.009570 0.128856
12.270000 0.645103 0.010859 0.126389
12.280000 0.645225 0.012123 0.123750
12.290000 0.645358 0.013360 0.120941
12.300000 0.645504 0.014569 0.117970
12.310000 0.645662 0.015749 0.114840
12.320000 0.645830 0.016898 0.111559
12.330000 0.646011 0.018013 0.108132
12.340000 0.646202 0.019094 0.104565
12.350000 0.646403 0.020140 0.100865
12.360000 0.646614 0.021149 0.097037
12.370000 0.646836 0.022119 0.093088
12.380000 0.647066 0.023050 0.089025
12.390000 0.647306 0.023940 0.084856
12.400000 0.647553 0.024789 0.080586
12.410000 0.647809 0.025595 0.076223
12.420000 0.648073 0.026357 0.071774
12.430000 0.648344 0.027075 0.067246
12.440000 0.648621 0.027747 0.062647
12.450000 0.648905 0.028374 0.057984
12.460000 0.649194 0.028953 0.053264
12.470000 0.649489 0.029486 0.048495
12.480000 0.649789 0.029971 0.043684
12.490000 0.650093 0.030408 0.038839
12.500000 0.650401 0.030796 0.033967
12.510000 0.650712 0.031136 0.029076
12.520000 0.651027 0.031427 0.024173
12.530000 0.651343 0.031668 0.019265
12.540000 0.651662 0.031861 0.014361
12.550000 0.651982 0.032005 0.009467
12.560000 0.652303 0.032099 0.004591
12.570000 0.652624 0.032145 -0.000261
12.580000 0.652946 0.032143 -0.005081
12.590000 0.653267 0.032092 -0.009862
12.600000 0.653587 0.031993 -0.014596
12.610000 0.653905 0.031847 -0.019279
12.620000 0.654222 0.031654 -0.023901
12.630000 0.654536 0.031415 -0.028458
12.640000 0.654847 0.031131 -0.032943
12.650000 0.655155 0.030801 -0.037349
12.660000 0.655459 0.030428 -0.041671
12.670000 0.655760 0.030011 -0.045901
12.680000 0.656055 0.029552 -0.050036
12.690000 0.656346 0.029052 -0.054068
12.700000 0.656631 0.028511 -0.057994
12.710000 0.656910 0.027931 -0.061806
12.720000 0.657183 0.027313 -0.065502
12.730000 0.657450 0.026658 -0.069074
12.740000 0.657709 0.025967 -0.072521
12.750000 0.657962 0.025242 -0.075836
12.760000 0.658207 0.024484 -0.079015
12.770000 0.658444 0.023694 -0.082056
12.780000 0.658672 0.022873 -0.084953
12.790000 0.658893 0.022024 -0.087705
12.800000 0.659104 0.021147 -0.090306
12.810000 0.659307 0.020243 -0.092756
12.820000 0.659500 0.019316 -0.095050
12.830000 0.659683 0.018365 -0.097187
12.840000 0.659857 0.017394 -0.099165
12.850000 0.660021 0.016402 -0.100980
12.860000 0.660175 0.015392 -0.102633
12.870000 0.660319 0.014366 -0.104121
12.880000 0.660452 0.013325 -0.105443
12.890000 0.660575 0.012270 -0.106598
12.900000 0.660687 0.011204 -0.107585
12.910000 0.660788 0.010128 -0.108405
12.920000 0.660879 0.009044 -0.109057
12.930000 0.660958 0.007954 -0.109542
12.940000 0.661027 0.006858 -0.109858
12.950000 0.661084 0.005760 -0.110008
12.960000 0.661131 0.004660 -0.109992
12.970000 0.661166 0.003560 -0.109811
12.980000 0.661191 0.002462 -0.109466
12.990000 0.661205 0.001367 -0.108960
13.000000 0.661208 0.000277 -0.108293
13.010000 0.661199 -0.000806 -0.107469
13.020000 0.661181 -0.001880 -0.106488
13.030000 0.661151 -0.002945 -0.105354
13.040000 0.661111 -0.003999 -0.104069
13.050000 0.661061 -0.005039 -0.102637
13.060000 0.661000 -0.006066 -0.101060
13.070000 0.660929 -0.007076 -0.099342
13.080000 0.660849 -0.008070 -0.097485
13.090000 0.660758 -0.009045 -0.095495
13.100000 0.660658 -0.010000 -0.093374
13.110000 0.660549 -0.010933 -0.091127
13.120000 0.660430 -0.011845 -0.088758
13.130000 0.660303 -0.012732 -0.086272
13.140000 0.660167 -0.013595 -0.083672
13.150000 0.660023 -0.014432 -0.080963
13.160000 0.659870 -0.015241 -0.078151
13.170000 0.659710 -0.016023 -0.075239
13.180000 0.659543 -0.016775 -0.072234
13.190000 0.659368 -0.017498 -0.069140
13.200000 0.659186 -0.018189 -0.065962
13.210000 0.658997 -0.018849 -0.062706
13.220000 0.658802 -0.019476 -0.059377
13.230000 0.658602 -0.020069 -0.055981
13.240000 0.658395 -0.020629 -0.052522
13.250000 0.658184 -0.021154 -0.049008
13.260000 0.657967 -0.021645 -0.045443
13.270000 0.657746 -0.022099 -0.041832
13.280000 0.657521 -0.022517 -0.038183
13.290000 0.657292 -0.022899 -0.034500
13.300000 0.657060 -0.023244 -0.030789
13.310000 0.656824 -0.023552 -0.027056
13.320000 0.656586 -0.023823 -0.023307
13.330000 0.656346 -0.024056 -0.019547
13.340000 0.656103 -0.024251 -0.015782
13.350000 0.655859 -0.024409 -0.012018
13.360000 0.655614 -0.024529 -0.008261
13.370000 0.655368 -0.024612 -0.004515
13.380000 0.655121 -0.024657 -0.000787
13.390000 0.654874 -0.024665 0.002917
13.400000 0.654628 -0.024636 0.006594
13.410000 0.654382 -0.024570 0.010236
13.420000 0.654138 -0.024467 0.013840
13.430000 0.653894 -0.024329 0.017399
13.440000 0.653653 -0.024155 0.020909
13.450000 0.653413 -0.023946 0.024365
13.460000 0.653176 -0.023702 0.027762
13.470000 0.652942 -0.023424 0.031095
13.480000 0.652711 -0.023114 0.034360
13.490000 0.652483 -0.022770 0.037552
13.500000 0.652259 -0.022394 0.040668
13.510000 0.652039 -0.021988 0.043701
13.520000 0.651824 -0.021551 0.046650
13.530000 0.651613 -0.021084 0.049509
13.540000 0.651407 -0.020589 0.052276
13.550000 0.651206 -0.020066 0.054946
13.560000 0.651011 -0.019517 0.057516
13.570000 0.650822 -0.018942 0.059984
13.580000 0.650638 -0.018342 0.062345
13.590000 0.650461 -0.017718 0.064598
13.600000 0.650291 -0.017072 0.066739
13.610000 0.650127 -0.016405 0.068766
13.620000 0.649969 -0.015717 0.070676
13.630000 0.649819 -0.015011 0.072469
13.640000 0.649676 -0.014286 0.074140
13.650000 0.649541 -0.013545 0.075690
13.660000 0.649413 -0.012788 0.077116
13.670000 0.649293 -0.012016 0.078418
13.680000 0.649181 -0.011232 0.079593
13.690000 0.649076 -0.010436 0.080641
13.700000 0.648980 -0.009630 0.081561
13.710000 0.648892 -0.008814 0.082353
13.720000 0.648812 -0.007991 0.083016
13.730000 0.648740 -0.007161 0.083551
13.740000 0.648677 -0.006325 0.083957
13.750000 0.648622 -0.005486 0.084234
13.760000 0.648576 -0.004643 0.084383
13.770000 0.648538 -0.003799 0.084404
13.780000 0.648508 -0.002955 0.084299
13.790000 0.648487 -0.002112 0.084068
13.800000 0.648474 -0.001272 0.083712
13.810000 0.648470 -0.000435 0.083233
13.820000 0.648474 0.000398 0.082632
13.830000 0.648486 0.001224 0.081912
13.840000 0.648507 0.002043 0.081073
13.850000 0.648535 0.002854 0.080118
13.860000 0.648572 0.003655 0.079049
13.870000 0.648616 0.004446 0.077868
13.880000 0.648668 0.005224 0.076578
13.890000 0.648728 0.005990 0.075182
13.900000 0.648796 0.006742 0.073682
13.910000 0.648870 0.007479 0.072081
13.920000 0.648952 0.008199 0.070383
13.930000 0.649042 0.008903 0.068590
13.940000 0.649137 0.009589 0.066706
13.950000 0.649240 0.010256 0.064734
13.960000 0.649349 0.010904 0.062677
13.970000 0.649464 0.011530 0.060540
13.980000 0.649586 0.012136 0.058327
13.990000 0.649713 0.012719 0.056040
14.000000 0.649846 0.013279 0.053683
14.010000 0.649984 0.013816 0.051262
14.020000 0.650127 0.014329 0.048779
14.030000 0.650275 0.014817 0.046240
14.040000 0.650428 0.015279 0.043648
14.050000 0.650585 0.015716 0.041006
14.060000 0.650746 0.016126 0.038321
14.070000 0.650912 0.016509 0.035596
14.080000 0.651080 0.016865 0.032835
14.090000 0.651252 0.017193 0.030042
14.100000 0.651427 0.017494 0.027223
14.110000 0.651605 0.017766 0.024381
14.120000 0.651785 0.018010 0.021521
14.130000 0.651967 0.018225 0.018648
14.140000 0.652151 0.018411 0.015765
14.150000 0.652337 0.018569 0.012877
14.160000 0.652524 0.018698 0.009988
14.170000 0.652712 0.018798 0.007104
14.180000 0.652901 0.018869 0.004227
14.190000 0.653090 0.018911 0.001363
14.200000 0.653279 0.018925 -0.001484
14.210000 0.653468 0.018910 -0.004311
14.220000 0.653657 0.018867 -0.007113
14.230000 0.653845 0.018795 -0.009886
14.240000 0.654032 0.018697 -0.012626
14.250000 0.654217 0.018570 -0.015330
14.260000 0.654401 0.018417 -0.017993
14.270000 0.654584 0.018237 -0.020611
14.280000 0.654764 0.018031 -0.023182
14.290000 0.654942 0.017799 -0.025701
14.300000 0.655118 0.017542 -0.028165
14.310000 0.655290 0.017261 -0.030571
14.320000 0.655460 0.016955 -0.032916
14.330000 0.655626 0.016626 -0.035196
14.340000 0.655789 0.016274 -0.037408
14.350000 0.655948 0.015900 -0.039550
14.360000 0.656103 0.015504 -0.041618
14.370000 0.656254 0.015088 -0.043611
14.380000 0.656400 0.014652 -0.045525
14.390000 0.656542 0.014197 -0.047359
14.400000 0.656679 0.013723 -0.049110
14.410000 0.656812 0.013232 -0.050775
14.420000 0.656939 0.012724 -0.052354
14.430000 0.657061 0.012201 -0.053844
14.440000 0.657177 0.011662 -0.055243
14.450000 0.657289 0.011110 -0.056550
14.460000 0.657394 0.010544 -0.057764
14.470000 0.657494 0.009967 -0.058884
14.480000 0.657587 0.009378 -0.059908
14.490000 0.657675 0.008779 -0.060835
14.500000 0.657757 0.008170 -0.061665
14.510000 0.657833 0.007554 -0.062397
14.520000 0.657902 0.006930 -0.063031
14.530000 0.657965 0.006299 -0.063567
14.540000 0.658021 0.005664 -0.064003
14.550000 0.658072 0.005024 -0.064340
14.560000 0.658115 0.004380 -0.064579
14.570000 0.658153 0.003734 -0.064720
14.580000 0.658184 0.003087 -0.064762
14.590000 0.658208 0.002440 -0.064707
14.600000 0.658226 0.001793 -0.064555
14.610000 0.658237 0.001147 -0.064308
14.620000 0.658243 0.000504 -0.063965
14.630000 0.658241 -0.000136 -0.063529
14.640000 0.658233 -0.000771 -0.063001
14.650000 0.658219 -0.001401 -0.062381
14.660000 0.658199 -0.002025 -0.061672
14.670000 0.658173 -0.002642 -0.060875
14.680000 0.658140 -0.003250 -0.059991
14.690000 0.658102 -0.003850 -0.059024
14.700000 0.658057 -0.004440 -0.057974
14.710000 0.658007 -0.005020 -0.056844
14.720000 0.657951 -0.005589 -0.055637
14.730000 0.657890 -0.006145 -0.054353
14.740000 0.657823 -0.006689 -0.052997
14.750000 0.657751 -0.007218 -0.051569
14.760000 0.657673 -0.007734 -0.050074
14.770000 0.657591 -0.008235 -0.048513
14.780000 0.657504 -0.008720 -0.046890
14.790000 0.657412 -0.009189 -0.045207
14.800000 0.657316 -0.009641 -0.043467
14.810000 0.657215 -0.010076 -0.041673
14.820000 0.657110 -0.010492 -0.039828
14.830000 0.657001 -0.010891 -0.037936
14.840000 0.656888 -0.011270 -0.035999
14.850000 0.656772 -0.011630 -0.034020
14.860000 0.656652 -0.011970 -0.032004
14.870000 0.656529 -0.012290 -0.029952
14.880000 0.656403 -0.012590 -0.027869
14.890000 0.656275 -0.012868 -0.025757
14.900000 0.656144 -0.013126 -0.023621
14.910000 0.656010 -0.013362 -0.021463
14.920000 0.655874 -0.013577 -0.019287
14.930000 0.655736 -0.013770 -0.017096
14.940000 0.655597 -0.013941 -0.014894
14.950000 0.655456 -0.014090 -0.012684
14.960000 0.655314 -0.014217 -0.010469
14.970000 0.655171 -0.014321 -0.008253
14.980000 0.655027 -0.014404 -0.006038
14.990000 0.654882 -0.014464 -0.003830
15.000000 0.654737 -0.014502 -0.001629
15.010000 0.654592 -0.014519 0.000559
15.020000 0.654447 -0.014513 0.002732
15.030000 0.654302 -0.014486 0.004888
15.040000 0.654158 -0.014437 0.007021
15.050000 0.654014 -0.014367 0.009131
15.060000 0.653871 -0.014275 0.011213
15.070000 0.653729 -0.014163 0.013264
15.080000 0.653589 -0.014031 0.015283
15.090000 0.653450 -0.013878 0.017265
15.100000 0.653313 -0.013705 0.019209
15.110000 0.653178 -0.013513 0.021111
15.120000 0.653045 -0.013302 0.022969
15.130000 0.652914 -0.013072 0.024780
15.140000 0.652786 -0.012824 0.026543
15.150000 0.652661 -0.012559 0.028254
15.160000 0.652538 -0.012277 0.029912
15.170000 0.652418 -0.011977 0.031514
15.180000 0.652301 -0.011662 0.033059
15.190000 0.652188 -0.011332 0.034544
15.200000 0.652078 -0.010986 0.035967
15.210000 0.651972 -0.010627 0.037327
15.220000 0.651869 -0.010253 0.038623
15.230000 0.651771 -0.009867 0.039852
15.240000 0.651676 -0.009469 0.041013
15.250000 0.651586 -0.009058 0.042105
15.260000 0.651499 -0.008637 0.043127
15.270000 0.651417 -0.008206 0.044077
15.280000 0.651339 -0.007765 0.044956
15.290000 0.651266 -0.007316 0.045761
15.300000 0.651198 -0.006858 0.046492
15.310000 0.651134 -0.006393 0.047149
15.320000 0.651075 -0.005922 0.047731
15.330000 0.651020 -0.005444 0.048237
15.340000 0.650970 -0.004962 0.048668
15.350000 0.650926 -0.004475 0.049023
15.360000 0.650886 -0.003985 0.049302
15.370000 0.650851 -0.003492 0.049505
15.380000 0.650821 -0.002997 0.049633
15.390000 0.650796 -0.002501 0.049686
15.400000 0.650776 -0.002004 0.049663
15.410000 0.650761 -0.001507 0.049567
15.420000 0.650751 -0.001012 0.049396
15.430000 0.650746 -0.000518 0.049153
15.440000 0.650745 -0.000026 0.048837
15.450000 0.650750 0.000462 0.048450
15.460000 0.650759 0.000947 0.047993
15.470000 0.650774 0.001427 0.047467
15.480000 0.650793 0.001901 0.046874
15.490000 0.650816 0.002370 0.046213
15.500000 0.650845 0.002832 0.045488
15.510000 0.650878 0.003287 0.044700
15.520000 0.650915 0.003734 0.043849
15.530000 0.650957 0.004173 0.042938
15.540000 0.651003 0.004602 0.041969
15.550000 0.651053 0.005022 0.040942
15.560000 0.651107 0.005431 0.039862
15.570000 0.651166 0.005830 0.038728
15.580000 0.651228 0.006217 0.037544
15.590000 0.651294 0.006592 0.036311
15.600000 0.651363 0.006956 0.035032
15.610000 0.651436 0.007306 0.033708
15.620000 0.651513 0.007643 0.032342
15.630000 0.651592 0.007966 0.030937
15.640000 0.651675 0.008276 0.029495
15.650000 0.651761 0.008571 0.028018
15.660000 0.651849 0.008851 0.026508
15.670000 0.651940 0.009116 0.024968
15.680000 0.652034 0.009366 0.023401
15.690000 0.652130 0.009600 0.021809
15.700000 0.652228 0.009818 0.020194
15.710000 0.652328 0.010020 0.018560
15.720000 0.652431 0.010205 0.016909
15.730000 0.652534 0.010374 0.015243
15.740000 0.652640 0.010527 0.013565
15.750000 0.652746 0.010662 0.011877
15.760000 0.652854 0.010781 0.010183
15.770000 0.652963 0.010883 0.008484
15.780000 0.653072 0.010968 0.006784
15.790000 0.653183 0.011036 0.005084
15.800000 0.653294 0.011087 0.003388
15.810000 0.653405 0.011120 0.001698
15.820000 0.653516 0.011137 0.000017
15.830000 0.653628 0.011138 -0.001654
15.840000 0.653739 0.011121 -0.003312
15.850000 0.653850 0.011088 -0.004953
15.860000 0.653960 0.011038 -0.006577
15.870000 0.654070 0.010973 -0.008180
15.880000 0.654179 0.010891 -0.009760
15.890000 0.654287 0.010793 -0.011316
15.900000 0.654393 0.010680 -0.012844
15.910000 0.654499 0.010552 -0.014344
15.920000 0.654603 0.010408 -0.015812
15.930000 0.654706 0.010250 -0.017246
15.940000 0.654806 0.010078 -0.018646
15.950000 0.654905 0.009891 -0.020008
15.960000 0.655002 0.009691 -0.021332
15.970000 0.655097 0.009478 -0.022615
15.980000 0.655189 0.009252 -0.023856
15.990000 0.655280 0.009013 -0.025053
16.000000 0.655367 0.008763 -0.026204
16.010000 0.655452 0.008500 -0.027309
16.020000 0.655535 0.008227 -0.028366
16.030000 0.655614 0.007944 -0.029373
16.040000 0.655690 0.007650 -0.030329
16.050000 0.655764 0.007347 -0.031234
16.060000 0.655834 0.007034 -0.032086
16.070000 0.655901 0.006713 -0.032885
16.080000 0.655965 0.006385 -0.033629
16.090000 0.656026 0.006048 -0.034317
16.100000 0.656083 0.005705 -0.034950
16.110000 0.656136 0.005356 -0.035526
16.120000 0.656186 0.005000 -0.036045
16.130000 0.656233 0.004640 -0.036507
16.140000 0.656275 0.004275 -0.036911
16.150000 0.656315 0.003906 -0.037257
16.160000 0.656350 0.003533 -0.037545
16.170000 0.656381 0.003158 -0.037774
16.180000 0.656409 0.002780 -0.037946
16.190000 0.656433 0.002401 -0.038059
16.200000 0.656453 0.002020 -0.038115
16.210000 0.656470 0.001639 -0.038113
16.220000 0.656482 0.001258 -0.038054
16.230000 0.656491 0.000877 -0.037938
16.240000 0.656496 0.000498 -0.037766
16.250000 0.656497 0.000120 -0.037539
16.260000 0.656495 -0.000255 -0.037256
16.270000 0.656489 -0.000628 -0.036920
16.280000 0.656479 -0.000997 -0.036531
16.290000 0.656465 -0.001362 -0.036089
16.300000 0.656448 -0.001723 -0.035596
16.310000 0.656427 -0.002079 -0.035052
16.320000 0.656403 -0.002430 -0.034460
16.330000 0.656375 -0.002774 -0.033820
16.340000 0.656344 -0.003113 -0.033133
16.350000 0.656309 -0.003444 -0.032401
16.360000 0.656272 -0.003768 -0.031626
16.370000 0.656231 -0.004084 -0.030807
16.380000 0.656187 -0.004392 -0.029948
16.390000 0.656140 -0.004692 -0.029050
16.400000 0.656090 -0.004982 -0.028114
16.410000 0.656038 -0.005263 -0.027142
16.420000 0.655982 -0.005535 -0.026135
16.430000 0.655924 -0.005796 -0.025096
16.440000 0.655864 -0.006047 -0.024025
16.450000 0.655801 -0.006287 -0.022926
16.460000 0.655736 -0.006517 -0.021800
16.470000 0.655668 -0.006735 -0.020648
16.480000 0.655599 -0.006941 -0.019472
16.490000 0.655528 -0.007136 -0.018275
16.500000 0.655454 -0.007319 -0.017059
16.510000 0.655380 -0.007489 -0.015825
16.520000 0.655303 -0.007647 -0.014575
16.530000 0.655225 -0.007793 -0.013311
16.540000 0.655146 -0.007926 -0.012036
16.550000 0.655065 -0.008047 -0.010750
16.560000 0.654984 -0.008154 -0.009457
16.570000 0.654901 -0.008249 -0.008159
16.580000 0.654818 -0.008330 -0.006856
16.590000 0.654734 -0.008399 -0.005552
16.600000 0.654650 -0.008454 -0.004247
16.610000 0.654565 -0.008497 -0.002945
16.620000 0.654479 -0.008526 -0.001647
16.630000 0.654394 -0.008543 -0.000355
16.640000 0.654308 -0.008546 0.000929
16.650000 0.654223 -0.008537 0.002204
16.660000 0.654138 -0.008515 0.003467
16.670000 0.654053 -0.008480 0.004716
16.680000 0.653969 -0.008433 0.005950
16.690000 0.653885 -0.008374 0.007168
16.700000 0.653802 -0.008302 0.008366
16.710000 0.653720 -0.008218 0.009545
16.720000 0.653639 -0.008123 0.010701
16.730000 0.653558 -0.008016 0.011834
16.740000 0.653479 -0.007897 0.012942
16.750000 0.653402 -0.007768 0.014023
16.760000 0.653325 -0.007628 0.015076
16.770000 0.653251 -0.007477 0.016099
16.780000 0.653178 -0.007316 0.017092
16.790000 0.653106 -0.007145 0.018053
16.800000 0.653036 -0.006965 0.018980
16.810000 0.652969 -0.006775 0.019873
16.820000 0.652903 -0.006576 0.020730
16.830000 0.652839 -0.006369 0.021551
16.840000 0.652778 -0.006153 0.022334
16.850000 0.652718 -0.005930 0.023078
16.860000 0.652661 -0.005699 0.023783
16.870000 0.652607 -0.005461 0.024447
16.880000 0.652555 -0.005217 0.025071
16.890000 0.652505 -0.004966 0.025653
16.900000 0.652458 -0.004710 0.026193
16.910000 0.652413 -0.004448 0.026690
16.920000 0.652372 -0.004181 0.027143
16.930000 0.652333 -0.003909 0.027553
16.940000 0.652296 -0.003634 0.027919
16.950000 0.652263 -0.003355 0.028241
16.960000 0.652232 -0.003072 0.028518
16.970000 0.652204 -0.002787 0.028751
16.980000 0.652179 -0.002500 0.028939
16.990000 0.652157 -0.002210 0.029082
17.000000 0.652138 -0.001919 0.029181
17.010000 0.652121 -0.001627 0.029236
17.020000 0.652108 -0.001335 0.029246
17.030000 0.652098 -0.001043 0.029212
17.040000 0.652090 -0.000751 0.029135
17.050000 0.652086 -0.000459 0.029014
17.060000 0.652084 -0.000169 0.028851
17.070000 0.652085 0.000119 0.028646
17.080000 0.652089 0.000406 0.028399
17.090000 0.652096 0.000690 0.028111
17.100000 0.652106 0.000971 0.027782
17.110000 0.652118 0.001249 0.027414
17.120000 0.652133 0.001523 0.027008
17.130000 0.652151 0.001793 0.026563
17.140000 0.652172 0.002059 0.026082
17.150000 0.652195 0.002319 0.025564
17.160000 0.652221 0.002575 0.025012
17.170000 0.652249 0.002825 0.024425
17.180000 0.652280 0.003070 0.023806
17.190000 0.652313 0.003308 0.023155
17.200000 0.652348 0.003539 0.022474
17.210000 0.652386 0.003764 0.021763
17.220000 0.652426 0.003981 0.021025
17.230000 0.652468 0.004192 0.020259
17.240000 0.652512 0.004394 0.019468
17.250000 0.652558 0.004589 0.018653
17.260000 0.652605 0.004776 0.017816
17.270000 0.652655 0.004954 0.016957
17.280000 0.652706 0.005123 0.016078
17.290000 0.652759 0.005284 0.015181
17.300000 0.652813 0.005436 0.014267
17.310000 0.652869 0.005579 0.013338
17.320000 0.652926 0.005712 0.012394
17.330000 0.652985 0.005836 0.011438
17.340000 0.653044 0.005950 0.010471
17.350000 0.653105 0.006055 0.009495
17.360000 0.653166 0.006150 0.008511
17.370000 0.653228 0.006235 0.007520
17.380000 0.653292 0.006310 0.006525
17.390000 0.653355 0.006375 0.005526
17.400000 0.653420 0.006431 0.004526
17.410000 0.653484 0.006476 0.003525
17.420000 0.653550 0.006511 0.002525
17.430000 0.653615 0.006536 0.001528
17.440000 0.653680 0.006552 0.000536
17.450000 0.653746 0.006557 -0.000451
17.460000 0.653811 0.006553 -0.001431
17.470000 0.653877 0.006538 -0.002403
17.480000 0.653942 0.006514 -0.003364
17.490000 0.654007 0.006481 -0.004315
17.500000 0.654071 0.006437 -0.005252
17.510000 0.654135 0.006385 -0.006176
17.520000 0.654198 0.006323 -0.007084
17.530000 0.654261 0.006252 -0.007976
17.540000 0.654323 0.006173 -0.008850
17.550000 0.654383 0.006084 -0.009705
17.560000 0.654443 0.005987 -0.010540
17.570000 0.654502 0.005882 -0.011354
17.580000 0.654560 0.005768 -0.012145
17.590000 0.654616 0.005647 -0.012913
17.600000 0.654671 0.005518 -0.013657
17.610000 0.654725 0.005381 -0.014375
17.620000 0.654778 0.005237 -0.015067
17.630000 0.654828 0.005087 -0.015733
17.640000 0.654878 0.004929 -0.016370
17.650000 0.654925 0.004766 -0.016978
17.660000 0.654971 0.004596 -0.017557
17.670000 0.655016 0.004420 -0.018106
17.680000 0.655058 0.004239 -0.018624
17.690000 0.655098 0.004053 -0.019111
17.700000 0.655137 0.003862 -0.019566
17.710000 0.655174 0.003666 -0.019989
17.720000 0.655208 0.003466 -0.020379
17.730000 0.655241 0.003262 -0.020736
17.740000 0.655272 0.003055 -0.021059
17.750000 0.655300 0.002844 -0.021349
17.760000 0.655326 0.002631 -0.021605
17.770000 0.655350 0.002415 -0.021827
17.780000 0.655372 0.002197 -0.022014
17.790000 0.655392 0.001977 -0.022168
17.800000 0.655410 0.001755 -0.022287
17.810000 0.655425 0.001532 -0.022372
17.820000 0.655438 0.001308 -0.022423
17.830000 0.655449 0.001084 -0.022439
17.840000 0.655458 0.000860 -0.022422
17.850000 0.655464 0.000635 -0.022372
17.860000 0.655468 0.000412 -0.022288
17.870000 0.655470 0.000189 -0.022172
17.880000 0.655470 -0.000033 -0.022023
17.890000 0.655467 -0.000253 -0.021842
17.900000 0.655462 -0.000472 -0.021629
17.910000 0.655455 -0.000688 -0.021385
17.920000 0.655446 -0.000902 -0.021111
17.930000 0.655435 -0.001113 -0.020807
17.940000 0.655422 -0.001321 -0.020473
17.950000 0.655407 -0.001526 -0.020111
17.960000 0.655390 -0.001727 -0.019722
17.970000 0.655370 -0.001924 -0.019305
17.980000 0.655349 -0.002117 -0.018862
17.990000 0.655326 -0.002306 -0.018393
18.000000 0.655301 -0.002490 -0.017900
18.010000 0.655275 -0.002669 -0.017384
18.020000 0.655246 -0.002842 -0.016845
18.030000 0.655216 -0.003011 -0.016283
18.040000 0.655184 -0.003174 -0.015701
18.050000 0.655151 -0.003331 -0.015100
18.060000 0.655116 -0.003482 -0.014479
18.070000 0.655080 -0.003626 -0.013841
18.080000 0.655042 -0.003765 -0.013187
18.090000 0.655003 -0.003897 -0.012516
18.100000 0.654963 -0.004022 -0.011832
18.110000 0.654922 -0.004140 -0.011134
18.120000 0.654879 -0.004252 -0.010424
18.130000 0.654836 -0.004356 -0.009703
18.140000 0.654791 -0.004453 -0.008972
18.150000 0.654746 -0.004543 -0.008232
18.160000 0.654699 -0.004625 -0.007485
18.170000 0.654652 -0.004700 -0.006731
18.180000 0.654605 -0.004767 -0.005972
18.190000 0.654556 -0.004827 -0.005209
18.200000 0.654508 -0.004879 -0.004444
18.210000 0.654458 -0.004923 -0.003676
18.220000 0.654409 -0.004960 -0.002908
18.230000 0.654359 -0.004989 -0.002141
18.240000 0.654309 -0.005011 -0.001376
18.250000 0.654259 -0.005024 -0.000613
18.260000 0.654208 -0.005030 0.000145
18.270000 0.654158 -0.005029 0.000899
18.280000 0.654108 -0.005020 0.001646
18.290000 0.654058 -0.005004 0.002386
18.300000 0.654008 -0.004980 0.003117
18.310000 0.653958 -0.004948 0.003839
18.320000 0.653909 -0.004910 0.004551
18.330000 0.653861 -0.004865 0.005251
18.340000 0.653813 -0.004812 0.005939
18.350000 0.653765 -0.004753 0.006613
18.360000 0.653718 -0.004687 0.007273
18.370000 0.653672 -0.004614 0.007918
18.380000 0.653627 -0.004535 0.008546
18.390000 0.653582 -0.004449 0.009158
18.400000 0.653539 -0.004358 0.009752
18.410000 0.653496 -0.004260 0.010328
18.420000 0.653454 -0.004157 0.010884
18.430000 0.653414 -0.004048 0.011421
18.440000 0.653375 -0.003934 0.011937
18.450000 0.653337 -0.003814 0.012431
18.460000 0.653300 -0.003690 0.012904
18.470000 0.653264 -0.003561 0.013354
18.480000 0.653230 -0.003427 0.013782
18.490000 0.653197 -0.003290 0.014185
18.500000 0.653165 -0.003148 0.014565
18.510000 0.653135 -0.003002 0.014921
18.520000 0.653107 -0.002853 0.015252
18.530000 0.653080 -0.002700 0.015558
18.540000 0.653054 -0.002545 0.015839
18.550000 0.653031 -0.002386 0.016094
18.560000 0.653008 -0.002226 0.016323
18.570000 0.652988 -0.002062 0.016526
18.580000 0.652969 -0.001897 0.016703
18.590000 0.652951 -0.001730 0.016854
18.600000 0.652936 -0.001561 0.016979
18.610000 0.652922 -0.001392 0.017077
18.620000 0.652910 -0.001221 0.017149
18.630000 0.652899 -0.001049 0.017195
18.640000 0.652890 -0.000877 0.017215
18.650000 0.652883 -0.000705 0.017209
18.660000 0.652878 -0.000533 0.017177
18.670000 0.652874 -0.000361 0.017120
18.680000 0.652872 -0.000190 0.017037
18.690000 0.652872 -0.000020 0.016929
18.700000 0.652874 0.000149 0.016797
18.710000 0.652877 0.000317 0.016640
18.720000 0.652882 0.000484 0.016459
18.730000 0.652888 0.000648 0.016255
18.740000 0.652896 0.000811 0.016028
18.750000 0.652906 0.000971 0.015778
18.760000 0.652917 0.001129 0.015506
18.770000 0.652930 0.001284 0.015213
18.780000 0.652945 0.001436 0.014898
18.790000 0.652960 0.001585 0.014564
18.800000 0.652978 0.001731 0.014209
18.810000 0.652996 0.001873 0.013836
18.820000 0.653017 0.002011 0.013444
18.830000 0.653038 0.002146 0.013035
18.840000 0.653061 0.002276 0.012609
18.850000 0.653085 0.002402 0.012167
18.860000 0.653110 0.002524 0.011709
18.870000 0.653136 0.002641 0.011237
18.880000 0.653164 0.002753 0.010751
18.890000 0.653193 0.002861 0.010252
18.900000 0.653222 0.002963 0.009741
18.910000 0.653253 0.003061 0.009218
18.920000 0.653284 0.003153 0.008686
18.930000 0.653317 0.003240 0.008143
18.940000 0.653350 0.003321 0.007592
18.950000 0.653384 0.003397 0.007033
18.960000 0.653419 0.003467 0.006467
18.970000 0.653454 0.003532 0.005895
18.980000 0.653490 0.003591 0.005318
18.990000 0.653526 0.003644 0.004737
19.000000 0.653563 0.003692 0.004153
19.010000 0.653601 0.003733 0.003566
19.020000 0.653638 0.003769 0.002977
19.030000 0.653676 0.003799 0.002388
19.040000 0.653714 0.003822 0.001799
19.050000 0.653753 0.003840 0.001211
19.060000 0.653791 0.003853 0.000626
19.070000 0.653830 0.003859 0.000043
19.080000 0.653869 0.003859 -0.000536
19.090000 0.653907 0.003854 -0.001111
19.100000 0.653945 0.003843 -0.001680
19.110000 0.653984 0.003826 -0.002243
19.120000 0.654022 0.003804 -0.002799
19.130000 0.654060 0.003776 -0.003347
19.140000 0.654097 0.003742 -0.003887
19.150000 0.654134 0.003703 -0.004417
19.160000 0.654171 0.003659 -0.004937
19.170000 0.654207 0.003610 -0.005446
19.180000 0.654242 0.003555 -0.005944
19.190000 0.654277 0.003496 -0.006430
19.200000 0.654312 0.003431 -0.006903
19.210000 0.654345 0.003362 -0.007362
19.220000 0.654378 0.003289 -0.007808
19.230000 0.654410 0.003211 -0.008239
19.240000 0.654441 0.003128 -0.008654
19.250000 0.654472 0.003042 -0.009054
19.260000 0.654501 0.002951 -0.009438
19.270000 0.654530 0.002857 -0.009805
19.280000 0.654557 0.002759 -0.010156
19.290000 0.654584 0.002657 -0.010488
19.300000 0.654610 0.002552 -0.010803
19.310000 0.654634 0.002444 -0.011099
19.320000 0.654657 0.002333 -0.011377
19.330000 0.654680 0.002220 -0.011636
19.340000 0.654701 0.002103 -0.011876
19.350000 0.654720 0.001984 -0.012096
19.360000 0.654739 0.001863 -0.012297
19.370000 0.654756 0.001741 -0.012478
19.380000 0.654773 0.001616 -0.012640
19.390000 0.654788 0.001489 -0.012781
19.400000 0.654801 0.001362 -0.012902
19.410000 0.654813 0.001232 -0.013003
19.420000 0.654824 0.001102 -0.013084
19.430000 0.654834 0.000972 -0.013145
19.440000 0.654843 0.000840 -0.013185
19.450000 0.654850 0.000708 -0.013206
19.460000 0.654855 0.000576 -0.013206
19.470000 0.654860 0.000444 -0.013187
19.480000 0.654863 0.000312 -0.013148
19.490000 0.654865 0.000181 -0.013090
19.500000 0.654865 0.000050 -0.013012
19.510000 0.654865 -0.000080 -0.012916
19.520000 0.654862 -0.000209 -0.012800
19.530000 0.654859 -0.000337 -0.012667
19.540000 0.654854 -0.000464 -0.012515
19.550000 0.654849 -0.000589 -0.012345
19.560000 0.654841 -0.000713 -0.012158
19.570000 0.654833 -0.000834 -0.011954
19.580000 0.654824 -0.000954 -0.011733
19.590000 0.654813 -0.001071 -0.011496
19.600000 0.654801 -0.001186 -0.011243
19.610000 0.654788 -0.001298 -0.010976
19.620000 0.654774 -0.001408 -0.010693
19.630000 0.654759 -0.001515 -0.010396
19.640000 0.654743 -0.001619 -0.010086
19.650000 0.654725 -0.001720 -0.009762
19.660000 0.654707 -0.001818 -0.009426
19.670000 0.654688 -0.001912 -0.009078
19.680000 0.654668 -0.002003 -0.008719
19.690000 0.654647 -0.002090 -0.008349
19.700000 0.654625 -0.002173 -0.007968
19.710000 0.654603 -0.002253 -0.007579
19.720000 0.654580 -0.002329 -0.007180
19.730000 0.654556 -0.002401 -0.006773
19.740000 0.654531 -0.002468 -0.006359
19.750000 0.654506 -0.002532 -0.005938
19.760000 0.654480 -0.002591 -0.005511
19.770000 0.654453 -0.002646 -0.005078
19.780000 0.654426 -0.002697 -0.004640
